2143766004
2141572233
2140766111
2133947551
2133464767
2132340428
2132267744
2131552156
2127119759
2122691686
2121241308
2111237809
2110480477
2109214692
2105041466
2099758309
2099446205
2099320938
2097631099
2091110409
2087415792
2081522185
2081018095
2078619652
2077682494
2075605439
2074487635
2071651615
2070987402
2067123175
2062481917
2062402410
2059605443
2059513604
2059087651
2057456034
2052243866
2052200301
2049346870
2049266043
2046878540
2046450602
2041879461
2040563645
2039734605
2038129976
2036685503
2034298501
2026545594
2022891878
2022539754
2021618474
2016454567
2014841532
2014314621
2013605952
2012449387
2006024593
2005224469
2003834593
1999286716
1998871461
1998465446
1997985473
1997484649
1996070724
1993491187
1989902802
1988655155
1988475670
1987958985
1982253591
1980482032
1975095966
1974108678
1971184352
1970484334
1970409038
1966482447
1964248840
1964028982
1963990301
1963555679
1962798577
1961586679
1961232330
1960409839
1960089821
1957787174
1957464495
1957436719
1951084169
1950944803
1947097264
1942011305
1941313790
1940673503
1940649783
1926885373
1922718921
1917949086
1915710324
1914312895
1912075348
1908471430
1902934791
1900426911
1900043715
1898659811
1898588997
1897998553
1895842739
1894178590
1892082766
1889403866
1888611043
1888451666
1887314171
1886933753
1883777203
1881400304
1874281806
1870377188
1866597618
1864821809
1860131441
1856406049
1855123864
1853694768
1852972858
1852124899
1848602966
1845172631
1844980824
1843864462
1843809981
1843526711
1839600007
1836122795
1831122169
1824419248
1822820640
1821710752
1821312805
1818583329
1811376556
1808862422
1807870468
1805560575
1804906741
1804369067
1803135796
1799861609
1798199968
1794512618
1793652171
1792929806
1790049923
1784941657
1777152131
1776136906
1772515314
1762220389
1760687896
1760386164
1759176082
1758993433
1757612808
1757008621
1756922124
1756596495
1753659239
1744093915
1743094355
1742967271
1742118395
1738282372
1737656878
1736581749
1736277362
1736044307
1734889939
1733076025
1729092037
1728591053
1725740586
1723654683
1723130633
1721185683
1720349084
1720219811
1719758062
1719067511
1718348218
1716905535
1714946766
1713934058
1711417944
1711269644
1710267652
1709391903
1707751602
1704200886
1703852468
1703369041
1701265945
1697497358
1696608710
1695757778
1692824620
1691965764
1690988488
1690708604
1688995569
1687707706
1685905086
1684238761
1683972917
1683116563
1682816963
1682059628
1677948601
1672933853
1671250742
1671058172
1669510518
1664370505
1654143682
1653212779
1652214666
1650778960
1647811993
1647542955
1644454342
1642768932
1638881036
1634674586
1634591696
1630884813
1625368245
1622634191
1620336882
1619796458
1619702751
1617519398
1615821193
1615302421
1614976257
1612329815
1604881884
1603902954
1603242257
1601820711
1599789283
1599581082
1598237758
1595612125
1589863760
1589235193
1589186377
1588250822
1587204793
1586720439
1586310018
1583794412
1580383962
1580202285
1578675022
1578395806
1574290735
1570646172
1568274168
1565924369
1565525521
1565018076
1563227852
1560438551
1558194809
1554922910
1554292681
1551434262
1545501082
1541207417
1540867013
1539413524
1538542462
1538139499
1537983957
1530030779
1522598686
1514924758
1512487290
1510220172
1509134564
1504893472
1503770479
1502315118
1500734535
1497608970
1497318788
1495138124
1491243163
1491150851
1490716124
1488507761
1488164790
1482703395
1477043915
1475130027
1473032958
1471674964
1470062108
1467351156
1463750257
1456797954
1454818587
1454414881
1454386089
1453586430
1452886813
1447486394
1447343842
1447046290
1446984643
1443374420
1441452786
1440228246
1439635564
1438024228
1436389223
1435521784
1432646063
1426600877
1422848661
1418660711
1416969386
1415431717
1413629150
1412750924
1412409788
1412224005
1409426396
1409297542
1404933796
1401377866
1397187813
1395964330
1392681042
1392521782
1392003837
1389571550
1387700965
1387344698
1385009973
1383486781
1382940322
1381934650
1378667577
1377912907
1376851918
1376777600
1374428978
1370721744
1368187265
1366518722
1362333974
1361609023
1360601301
1360531667
1357828464
1349110482
1347833630
1346999671
1340847303
1340229179
1334280774
1333892889
1332608355
1329675820
1328879881
1323333542
1319115998
1319013452
1318598414
1318300167
1316108518
1311137948
1307860869
1306173479
1303752140
1302254693
1301683967
1297792913
1297095543
1295971790
1295908010
1294727506
1292186000
1290658689
1290441989
1289857626
1287127620
1285290378
1282991095
1274427528
1274040233
1271136837
1269324858
1268913944
1264662217
1263129594
1260269657
1256390735
1250769141
1249042144
1245615725
1241822200
1240941429
1240905408
1239581553
1238580410
1236695025
1236062862
1235251658
1232870633
1229824248
1227733554
1226563842
1225423814
1223929888
1223816350
1223648060
1217385633
1212964291
1212337230
1211395773
1210508600
1208435171
1204787367
1201999213
1199966910
1199106911
1196496003
1194996873
1194626403
1194237980
1192115890
1190397811
1187289230
1185548973
1185280928
1185043793
1184931056
1184006935
1181982434
1181661588
1179363590
1176333931
1175204468
1175126739
1172226696
1168873399
1162774179
1161263531
1159261248
1158826806
1157174548
1150829196
1145311168
1143220678
1141624879
1141592522
1140502013
1140067270
1136122438
1134724134
1132273296
1131404430
1129924088
1129305340
1128577136
1127452930
1124396971
1122118652
1122090192
1117423627
1116266778
1115634911
1113520851
1111865645
1109363678
1106625452
1105833693
1105246705
1104786140
1103399757
1102911904
1102862026
1097925370
1095370498
1094234846
1093768285
1092956346
1089923567
1087949180
1087581086
1084308671
1082829892
1078181758
1077801972
1077104256
1066728504
1065750912
1056052310
1049770392
1048377063
1048315953
1047517186
1037755662
1037211832
1034819468
1033619051
1030776241
1030692336
1025102387
1024847210
1024592688
1019320820
1016917292
1013928040
1013232927
1012446247
1009679104
1000425096
999925555
998326539
998229466
994914025
994307738
991672778
991089685
990836179
989610662
988841363
988505981
981226393
980640977
978818861
977618976
974966236
972974351
969602746
966667659
965445632
963060234
959719279
957030383
956727482
956235553
956063107
953370584
953352950
951877448
951289295
946716683
944121868
942705701
939865733
938044009
935739705
932856495
931636253
931367293
927131543
926779015
926429433
923453390
922434701
922003343
918111943
916739685
915910909
915366384
913833939
912226186
910783394
909149349
906476977
903645818
901970249
901665759
900917561
900765400
894005215
890954347
887709004
882080400
879878860
877486799
874363184
870962436
866183725
866099208
866037643
864866486
863125820
859597999
857719860
851524349
845402588
845244757
844242041
843904801
842542772
841309138
839863204
839536158
839493771
838756994
837798308
837349540
834420274
833792887
830665211
829830757
829595574
828584174
827018477
822252971
821880156
818810798
818239998
815147456
814065412
813546853
812792049
811899221
810795205
809504704
808066970
805938837
805585222
803774834
801946003
801298130
800812321
799209120
796484293
795515579
792622303
787628273
787167661
785646910
783813049
778509920
778500394
770785319
770715491
769680906
767379471
761448682
759033494
758806716
758266449
756168327
756068789
750263705
745455641
744233142
741260079
740663256
737470010
737356383
736003155
735682339
734378289
733199137
732488664
730479517
729637014
725786305
724886520
724739327
724213609
723709425
723493519
722824770
720706858
717787461
714674403
714417897
712868373
710935699
710542997
708219174
704336786
695717338
692296463
691288008
691110972
689094942
682756710
681987642
681963735
680365421
677392747
671827085
671123838
671052897
670793385
670414583
669510283
668947338
663366425
661321276
658621777
656305966
655354224
650962959
644459922
644144262
644033067
639630335
639201605
637469911
637397843
632093906
621211202
615167232
613010324
605498324
598232037
594151290
591552281
587910066
586953838
583272949
582251757
579241472
574858855
572366644
571892276
568896868
564759384
563393341
561848940
561208928
560100652
554704697
553113856
549941561
549924803
549145524
544297560
542875810
542560183
542268805
536707959
535387182
535232027
534281338
534029115
528912059
526191900
525025017
524052241
523612932
522120367
518231269
516824907
516163826
510931388
507441150
501597036
495809219
493842860
491455936
488226902
488225212
487747877
487029645
484618623
482919626
480437722
476513818
475075274
473858141
473470908
469940099
464389313
463074515
461756075
455463528
455427949
454958346
454320790
452782296
451662600
448190175
447830673
445023544
441375298
438456666
437877357
432380996
426614430
426407203
425196108
425075507
424260749
423537631
420576891
420516761
417386636
407860627
399310101
396406241
389709880
388222373
385747260
384321949
382967837
380329443
368055305
366942669
363905248
357871146
357110216
356816950
355659322
354183911
352799377
351426823
351190954
350127258
347752084
346687117
345903165
345534362
344311458
343431378
343422636
342707323
337330935
335206641
332840716
332599226
331886577
329774779
326973728
323852978
322205223
319950529
319410446
316980241
315325988
311666129
309328041
304342508
301990924
300836713
298354881
297685561
295584437
291976678
291080330
290399960
283760794
273324081
271586840
270480540
270064156
268222477
263987019
263056214
262391760
255152746
254204518
250784489
247014200
246304840
244683580
240601255
239926698
234967382
234702781
234001348
230163434
230021702
228157496
227746196
226118744
225077366
224270540
223365511
219580375
219549604
214574238
210414428
209545712
209309276
207874668
207176898
204833787
201722086
199746781
196283386
194717416
194504928
192391031
191454835
191290799
189127270
189038466
179082207
178915042
173980540
173621004
171621154
171159897
170628379
166689040
166109181
163244927
163018273
157918153
155709201
154902166
153399913
152567382
149875494
145360139
145063508
144995275
142308609
140705729
140324012
132967046
132655138
130012796
129628967
126385118
124916394
122571734
114818609
110906840
107650764
102779158
102610926
102070845
98335543
93598482
93449009
87784533
84491685
83240752
81973710
81888589
80234321
79990648
77547447
72616751
69480111
69450453
62585075
61933440
61542646
60367123
59940876
59533850
57715598
56790546
56598219
50818285
48998577
47295642
45425536
45019226
42831310
38964281
35762328
34384747
32256384
28770827
25555590
23905076
22245935
22153842
17615591
15438664
15051380
11303720
10135255
8445487
7940459
6891955
6429880
4410500
3062314
2886644
