2134477386
2115250636
2113672570
2064278838
2049745704
2023453042
1962335086
1960370235
1944530065
1902713102
1877760457
1873651903
1827308533
1820606868
1818524123
1814665165
1770030547
1726472658
1688315658
1674201164
1642585650
1627050497
1625268782
1614408751
1591389138
1576059488
1560912172
1560001727
1554167232
1548872284
1541170744
1537197541
1532324471
1524788860
1512149103
1466692424
1441296369
1413562795
1392381933
1365743447
1348625145
1344720673
1334101233
1326857392
1324669621
1321373782
1305770781
1276401747
1251853781
1225055015
1213002782
1210149074
1203279521
1200197174
1119779566
1118164751
1069675696
1047946263
955335801
906172642
878511375
859152787
820878693
794426545
748495496
722257228
714631434
700750061
676232877
668344059
624102731
621260962
615444049
556760279
519588108
418223879
392179662
385644325
377803342
349349226
347024885
317733147
303521317
291907026
286437862
255695247
231221972
220914001
212279116
208256099
203812891
199149566
184315822
157780248
136019401
133345418
103334774
82266486
80144113
73835597
